roomR=1
roomC=3
lastRoomR=1
lastRoomC=2
playerHealth=90
roomsCleared=2
coins=0
score=10
stones=2
axeAttackPower=3
bulletAttackPower=5
swordAttackPower=3
visited=0000/0111/0000/0000
cleared=0000/0110/0000/0000
tiles=0,0:2,2,2,2,2,24,2,2,2,2,24,2,2,2,2,2/2,0,21,0,0,0,0,0,0,0,0,0,0,21,0,2/2,0,0,0,0,0,0,0,0,0,0,0,0,0,0,2/23,0,0,0,0,0,0,0,0,0,0,0,0,0,0,3/2,0,0,0,0,0,0,0,0,0,0,0,0,0,0,3/23,0,0,0,0,0,0,0,0,0,0,0,0,0,0,3/2,0,0,0,0,0,0,0,0,0,0,0,0,0,0,2/2,0,0,0,0,0,0,0,0,0,0,0,0,0,0,2/2,2,2,2,2,2,2,2,2,2,2,2,2,2,2,2
tiles=0,1:2,2,2,2,2,2,2,2,2,2,2,2,2,2,2,2/2,0,21,0,0,0,0,0,0,0,0,0,0,21,0,2/2,0,0,0,0,0,11,11,11,11,0,0,0,0,0,2/3,0,0,0,0,0,11,22,23,11,0,0,0,0,0,22/3,0,0,0,0,0,11,22,23,11,0,0,0,0,0,2/2,0,0,0,0,0,11,0,0,11,0,0,0,0,0,22/2,0,0,24,0,0,0,0,0,0,0,24,0,0,0,2/2,0,0,0,0,0,0,0,0,0,0,0,0,0,0,2/2,2,2,2,2,2,2,3,3,2,2,2,2,2,2,2
tiles=0,3:2,2,2,2,2,2,2,2,2,2,2,2,2,2,2,2/2,0,0,0,0,0,0,0,0,0,0,0,0,0,0,2/2,0,0,0,0,0,0,0,0,0,0,0,0,0,0,2/23,0,0,0,0,0,0,0,0,0,0,0,0,0,0,2/2,0,0,0,0,0,0,0,0,0,0,0,0,0,0,2/23,0,0,0,0,0,0,0,0,0,0,0,0,0,0,2/2,0,0,0,0,0,0,0,0,0,0,0,0,0,0,2/2,0,0,0,0,0,0,0,0,0,0,0,0,0,0,2/2,2,2,2,2,2,2,3,3,2,2,2,2,2,2,2
tiles=1,1:2,2,2,2,2,2,2,3,3,2,2,2,2,2,2,2/2,0,0,0,0,0,0,0,0,0,0,0,0,0,0,2/2,0,0,0,0,0,0,0,0,0,0,0,0,0,0,2/23,0,0,0,0,0,0,0,0,0,0,0,0,0,0,3/2,0,0,0,0,21,0,0,0,0,21,0,0,0,0,3/23,0,0,0,0,0,0,0,0,0,0,0,0,0,0,2/2,0,0,0,0,0,0,0,0,0,0,0,0,0,0,2/2,0,0,0,0,0,0,0,0,0,0,0,0,0,0,2/2,2,2,2,2,2,2,3,3,2,2,2,2,2,2,2
tiles=1,2:2,2,2,2,2,2,2,3,3,2,2,2,2,2,2,2/2,0,11,24,11,0,0,0,0,0,0,24,0,0,0,2/2,0,0,0,0,0,0,0,0,0,0,0,0,0,0,2/3,0,0,0,0,22,0,0,24,0,0,23,0,0,0,3/3,0,0,0,0,22,0,0,0,0,0,23,0,0,0,3/2,0,0,0,0,0,0,0,23,0,0,24,0,0,0,2/2,0,0,0,0,0,0,0,23,0,0,0,0,0,0,2/2,0,0,0,0,24,0,0,0,0,0,0,0,0,0,2/2,2,2,2,2,2,2,3,3,2,2,2,2,2,2,2
tiles=1,3:2,2,2,2,2,2,2,3,3,2,2,2,2,2,2,2/2,0,0,0,0,0,0,0,0,0,0,0,0,0,0,2/2,0,0,0,0,0,0,0,0,0,0,0,0,0,0,2/3,0,0,0,0,0,0,0,0,0,0,0,0,0,0,22/3,0,0,0,0,0,0,0,0,0,0,0,0,0,0,2/2,0,0,0,0,0,0,0,0,0,0,0,0,0,0,22/2,0,0,0,0,0,0,0,0,0,0,0,0,0,0,2/2,0,0,0,0,0,0,0,0,0,0,0,0,0,0,2/2,2,2,2,2,2,2,3,3,2,2,2,2,2,2,2
tiles=2,1:2,2,2,2,2,2,2,3,3,2,2,2,2,2,2,2/2,0,0,0,0,21,0,0,0,0,21,0,0,0,0,2/2,0,0,0,0,0,0,0,0,0,0,0,0,0,0,2/23,0,0,0,0,0,0,0,0,0,0,0,0,0,0,22/2,0,0,0,0,0,0,0,0,0,0,0,0,0,0,2/23,0,0,0,0,0,0,0,0,0,0,0,0,0,0,22/2,0,0,0,0,0,0,0,0,0,0,0,0,0,0,2/2,0,0,0,0,0,0,0,0,0,0,0,0,0,0,2/2,2,2,2,2,2,2,3,3,2,2,2,2,2,2,2
tiles=2,3:2,2,2,2,2,2,2,3,3,2,2,2,2,2,2,2/2,0,0,0,0,0,0,0,0,0,0,0,0,0,0,2/2,0,0,0,0,0,0,0,0,0,0,0,0,0,0,2/23,0,0,0,0,0,0,0,0,0,0,0,0,0,0,22/2,0,0,0,24,0,0,0,0,0,0,0,24,0,0,2/23,0,0,0,0,0,0,0,0,0,0,0,0,0,0,22/2,0,0,0,0,0,0,0,0,0,0,0,0,0,0,2/2,0,0,0,0,0,0,0,0,0,0,0,0,0,0,2/2,2,2,2,2,2,2,3,3,2,2,2,2,2,2,2
tiles=3,0:2,2,2,2,2,2,2,2,2,2,2,2,2,2,2,2/2,0,0,0,0,0,0,0,0,0,0,0,0,0,0,2/2,0,0,0,0,0,0,0,0,0,0,0,0,0,0,2/23,0,0,0,0,0,0,0,0,0,0,0,0,0,0,3/2,0,0,0,0,0,0,0,0,0,0,0,0,0,0,3/23,0,0,0,0,0,0,0,0,0,0,0,0,0,0,2/2,0,0,0,0,0,0,0,0,0,0,0,0,0,0,2/2,0,0,0,0,0,0,0,0,0,0,0,0,0,0,2/2,2,2,2,2,2,2,3,3,2,2,2,2,2,2,2
tiles=3,1:2,2,2,2,2,2,2,3,3,2,2,2,2,2,2,2/2,0,24,11,0,0,0,0,0,0,0,0,11,24,0,2/2,0,0,0,0,11,0,0,0,0,11,0,0,0,0,2/3,0,0,0,0,0,0,0,0,0,0,0,0,0,0,3/3,0,0,0,0,11,0,11,0,0,11,0,0,0,0,3/2,0,0,0,0,0,0,0,0,0,0,0,0,0,0,2/2,0,0,0,24,0,0,0,0,0,0,24,0,0,0,2/2,0,11,0,0,0,0,11,0,0,0,0,0,11,0,2/2,2,2,2,2,2,2,24,24,2,2,2,2,2,2,2
tiles=3,2:2,2,2,2,2,2,2,2,2,2,2,2,2,2,2,2/2,0,0,0,0,0,0,0,0,0,0,0,0,0,0,2/2,0,0,24,0,0,0,0,0,0,0,0,24,0,0,2/3,0,0,0,0,0,0,0,0,0,0,0,0,0,0,3/3,0,0,0,0,0,0,0,0,0,0,0,0,0,0,3/2,0,0,0,0,0,0,0,0,0,0,0,0,0,0,2/2,0,0,0,0,0,0,0,0,0,0,0,0,0,0,2/2,0,0,24,0,0,0,0,0,0,0,0,24,0,0,2/2,2,2,2,2,2,2,2,2,2,2,2,2,2,2,2
tiles=3,3:2,2,2,2,2,2,2,3,3,2,2,2,2,2,2,2/2,0,0,0,0,0,0,0,0,0,0,0,0,0,0,2/2,0,0,0,22,0,0,0,0,0,0,23,0,0,0,2/3,0,0,0,0,0,11,11,11,11,0,0,0,0,0,2/3,0,0,0,0,0,11,11,11,11,0,0,0,0,0,2/2,0,0,0,22,0,0,11,11,0,0,23,0,0,0,2/2,0,0,0,0,0,0,0,0,0,0,0,0,0,0,2/2,0,0,0,0,0,0,0,0,0,0,0,0,0,0,2/2,2,2,2,2,2,2,2,2,2,2,2,2,2,2,2
